$ANSIBLE_VAULT;1.1;AES256
62306636393137616666333564633332663538633330336233663634323439613836376163653036
3638393661393531656331356562653866333462666330660a393131336132346636366464343461
64313965343634396131643865393036343766316139646530613765393331336330383231663632
6439663532653964360a356136336534366261366363643561623031663662613733316234623266
31373665366632303935313638373337613436623734326161666664383135303731616531316562
65613064643864373836366335303865666131643037326137626361343437383831326466313434
33613739306234623336343132306334383239633532613638303231333535653232363866343761
65336261363763373530306631313461393032646333303765663564616238303566613165613838
31636530303861623437636136343063613731326237333065656635653133613862663538343063
63333561393838346263663264373864393433336662636635396361383463646531363031323961
31363535643339353736343730323739616661626462326132666565616662376332613434623762
63343761643437613863393461346233393162653966306535373032343434636436313462313636
32666335343333623634353330396534653263623166356438623730363332616232633161353338
61333163336139656137373233663833643565303832633866623437333432343061356430653262
37353035366331623636643035653462333137653963373236303562386238356431316137393563
61336433633564326262353530613430613164646661643563623334323437333938383362633039
39363239633161326339653537646430643165373161396266363631666339356136346664326434
30356535393263653031393132663331626534323238303439376366623162303130356430356131
37613938366533636435666366353133316136366530613830633962326332396234323839616139
65376636623336636161316634363632366231373264643261643062323061386535346231396238
62353033323038383532613638323135323430313661653263613965633466656466343836663562
39363736306431366562366533646462313164373738643739623064326435366561363836383963
36663862653636383031363030323033336135326662306464346339393764613961363432613031
33306630396236346162333230323836626362623862656434363236653932633238663161363562
61366462323465353533316233666163303634303961356466616662643666653536646166383266
39366136343561303364373134363364666630343664386561633835373336313264643866613331
37323633636634636133363636626335623662646438323136306538653038623365393536643331
36346361386664326536613933623037343838373865633962343330396539386264633661636633
32326339623536626437636436613135353964353634356534333063633164373833616530623839
39623561323435373030363538623937616332386637343936636136666339326334653634336237
36393163363839376664303439633234663930313331363465353232326435333735643633343338
36666537343835393630373432303839616438643462393939313532396362333238626135636663
39663363663161363163373432613037663233383938373666636436396334633039373566653633
36643566386536643335633366653338343530666563386263383566323538613262633039376334
33616131636237313434366166373463373638343561383630373266333832633935313966393230
35356464386231376466316562306430626335356435666533383734343164643934373366633931
33313532336261306663626135653963343061366264306165616662323264303163653364353364
61653730666264396165616439353865303333633338333934613663323362353964653062633266
65363432306166353938383838336164396330316563656562656530623035306430323865323036
65373831626233353165666532613033363238653764333437373336636464373630663534323063
35616165643666323334663338656463306633323066373062666665623133356164363462386437
62353230323837663266626264393063353538316135326232636435623765386163633139633836
30303031633132653061326438613762663638656431643236303361613835303063363439393630
63393230663663363263353763653837326665623032396562383139623738383635356337336530
33323037616162343139303835663631343962633633356238346335303536386333343635333439
36616535613964346432313361393833633135373263636139396463653134356636633562323165
35333231356232346665353866663931333266346164626235633336303137623165623331646335
30396239653531633164376365346634393530656166373538636233663763373734636430303765
32653339643035306563663137323534666631653466663564393661306162303231356263353531
34396134383163663361326363626433316531343834653264333136643864363735363137616539
31333835646132616563333436386633633763393437653264656138663662653264663031326433
65623535336237656133306335363862643439643337346133653062333230363335376663663630
65396637666165666339313461343064313034666165326562323938323861343466383137396233
33653437663133343237323465626336303431616161653533383731663834313537663833333131
34356138306363346235363433616435303931376266613062626536396137656436633364623335
36343033363463386439326130316566643235333766336161666232633737386636663134366231
31323935643566656639356330616564346264393235323861623238386366626433333865313537
39303661623935326536643666306662613861663534386366663938643162666236393133353637
64333834633962666135636261316530343332316135666464313863336638613966363461343237
38613863656138663265646361613064343662613837616164393333636462363133326666363863
34383362313464633335323564663763646465373263313032306137366335346433663464633162
36636132616164356465366564373465663563646339636535393762326535366135383066346636
62376331626538363132626339313564303663313430336239376231343632333963636437636264
38326664643731333436393466653566653062363035306464393337323561346332636238396161
39363731316335636631383530306331343531383666643862313332336337396232343333383632
37366136383739623066666332663965323534386230333461366435333533306332633266373735
38636139386464376631356634316636386539323366313166343361663436636237393361633830
35663730303430363563343733386261386336326231353839653432656366623063663939366263
30616566383061306537613436396530386365323133313564653866653337366339616332346337
30656537383733653361326136616464343833646138633139303335663837376632356639643333
61306236643730663561663031336561613532626234313062383466613064386438636463656365
30653038366365643566623765656535393963616165346133353931343238393865646230346132
39383339613333306336373932663562626630316365373561613738646235383032626639393239
31396637656532653637373865343463643836643266383264343336373230343630313062396438
31316435316331353635313163633666373334316136386632383438373365343632643064653665
31303165396364656633653633366635383034626333323338373935336362356334306136613564
62653833316236313961653231353432616239343631636535393234333231333631326636386461
66633233326630393337376536663430663832613334303936353466663237303637633035313732
37356637663330306134303239373530386337656562333463373237363264376239306461386436
33613538643133363865633566326332633164613936656132343431616165663935613362316464
61326339643637356239373235396435323738333830383666326531613334623839656665386336
37306231663231613830306136346131623537366535383333323462376433613535343761663138
38623265366535623236396636616161653433396664656536663033376332646434396134623437
61353834666265326564306433333634363030663261663335643964346562363465306534656539
37366132343731633838353762313432336262323066316638653363663535383134613338393031
65653731313765643761346430333732363532353863666165353034646131663364373562633565
63383462616462663039313263383063303062333334303339636663616663636462316630323432
66323636623162303063643463336433366332366338353532336133376337636539363061356238
39666538313634326433663738633663333735663231373037306661356132356263383533626634
61393635643535393136653639646235363264616563633163383237366362663034336161616663
62313139366235343462396533353231386235376330366638313637616233376164633536343466
35356130633363313131653064366161646433326435623461653836376237313734373036663438
30326465323139303662313033386166633937613632356133393930336530626631333235383861
66616137666533643465316164346665323162333538653766363236343831616331383962653738
34363964313765376361656433353834383062353632303566643166363136343666343236333662
65326363623637373634616539623064646338616233633535353539326632373535316639643466
62363138353931633134643662393966653639346137613265373736316163323532303132653064
35313931663834343064383733366433313533393833373566393330353536613864303066343330
30616234366565356266343565663731633736376561643964343964633262353935353562613262
39326166666431663363616563366432306337656636353531626430636331666264343931316263
39376165393265356135666339633066346538613531396631613337303331633562303737613431
36393063656663383637396166343563313737376466613335393662313464306365366236663435
61626462653161666661613139663363363339376436323235643930643238663266656164626530
62313765646132313564363262396162343562343633663039306239393238363966643237366464
37663965383366623337383433393937326135663135396338666238343434623231613831396464
64336238633566336630616335356661333835343231623633623564383366343763613032313038
63386662323533623635303032653530323532666464353434643966656163663666613834653466
30643831353161313261653661376234346531356265316339336433653665393733353933646335
35396337353338323464643866643762393036666532626163636365663038366431333338343261
37396334653731353932373662343234626132616234323133636632613534393039313363613433
62663666626664333964386163353430663230626262663063326630666466393438646332623530
63623130316335313335623731633632323965623062326639303036386435636639306335343337
62313331303066626636346438333732336233383735336233323938316138633162633237663862
66616239353431303735376333386232376164373162626564633739363039393730336465613239
66313330383863353538656163653239613932616662666231313639613037643636626532366231
32653835313830616262363232393437383638326233326438636163376431366337383166326330
34336136613531383233656636356237306262346231663435313463346163353031666237366532
32653131353631653462383836636339393933383432653333666231616131383435376538636232
66343566356138333739653234626135333835616231393762363732383435393938643935383464
35326366396330663162663131633230633163356133356431383163303663653036656436363862
61303763363661346538393735663161653461313734616162353834323030323939353732353139
65303039343166633364643861623033613036373538336637336265653664316133623235396165
63343666333961626434326535626639393637613239386535346261383433386531303630303763
36636639613238366138383439313839326236643236303631346230393461646163363839616237
62386130373734343462626361343833336232663336653261656136663739373064663161376233
34313437613965303636643361303636646337623865616362346465363636353631336130383761
63366536383334616433303263656565623133306561303632643534333335386261363933623461
34383137393861356436616537366134656562383266313363366264363062343736383536643534
34383165636364633437656236303236643966363063303934616136366363336539326265363734
65326561363636663761623163353863306266313234353230623031613939383666613331366234
63343661356264613633333166616633376334623439336366353931383036623438336332373933
64393738323661306531313761343836646362373937333139633537613033303462376364303832
34383565333564656664336237343565633335653538303130393431643737353362393731653864
34356565323735613933353039623033363466613164323463333662636530653134636439373538
33643039666430353031373633363234363031336330396230396265333530336163643130653430
33316632306361356263336536336665396464343135633266646533633464623461303237316238
64333565353561316237396638303338376263386238636635393763303563333834363337656135
63623231636436616637623335353635313734653136346336386334646636643133323639646463
61356333373734333830623134323265663566646535616331383564643861613665376133393930
61373562353338316332643430373864353663316235663232346365636438636461636564653732
64343933653961326561313335306433646465623165663238306432303564343364326262613130
61306339356532386161306430303135666132363032656663333134646363623265393662343061
38353930353331326161646633646132653331343963623436656536346335623263343436303865
39313734663862383835623733633465613766653765353537313363396633666663393739656239
38626162343463363338386534336536663738386534643861303263653361636663633736326532
62656362636565613662666530636537613337343762303739346237396261396334616234333730
64323133306537333636653437636266636361653337616235333738623835336330633366396434
34303161653430663562336532656535616437303331626436353330383231643763333934386265
65643132326262623461373936326266303166353739616237353336366465633238366365346438
64663830656238643638343535393739636562393636636130396232333161336339666535613930
64656332386230396264343563393939393439326637656435666637313138643064646162616366
37646534336564316465326330393731363163646136373635623464393039613434613664323039
33303938633137646334383730393761396266316636633934643338333964623965383661626435
34333264666239663361663162376664646563323534303533303735373832626566613930326662
64613931613933613731666634383732666636613934626132326139326364313465363836316562
38323239636633623164326565643161306363623437346266343036383333656433386132313063
61323466636330333132343861313762363863353961303930306432616232343438653837656635
62633364346630663937663265316436333832366631343863313230313832313335666131363363
63356431373663363933336461653333373163646232646461353866663536653666363033336664
35313166393332643565306162386561386563316566373936333565626230383237346532383861
33363634393036653362303733643966613161393861666466333230346162356533633830353862
63353031623334626263643332326139643165643465333232653135306165363737326262623265
39313332393032643466383832363533636362396130343666333936326166613231366232656636
30346231343731323364336332373332636635373462613437626662343236396163363763663163
63373061313534383030313130306436613761386334353037643065663664396332643635373364
66356230376261393739353730666665376563386366313233373238386663333363663666633831
33343863623666333137613939393430323763666431613938343336366639393930316162646134
34346231373963386163366532373363623838623932336238346162643536363232636161353331
65666531343137346461353739643137346430613637643165366130356665326631623239396534
63623436313539306639643730656262343361333161366331346333313238303738653061356237
63643265396233313339636362353634316333393536383532376630393065386132363163613864
32666131303066376461653233346630303163633130396138666662666664336666623635346634
34343134646239356263303764353433333930613134633162356664343933303739616564633061
34613333376537393566333538353932663432333265313832346234366132643330656632313933
65626266636534303532333135383465356438633765356164616331653332643362653832376362
63373265383732656266346236366135333634363737396161633661346565373438633061303731
66656265626131396263366666356338326364666565363633336666623032646537306638336436
35363935353363393632383137396537666135616237376161373437376138356130653262616363
61636337343136356636396131383939613263663439333638353638646434393766656639613262
65366238646236343539636562653732643436626434363937393464633662623966353765636463
62376663643234636161653764373963343733373964633435643765666438663631636637646536
65386164336630313466663463646639633933623538363432306331383034666563343665643165
38323966346166616464323737366439383937396263353263316634326261343365326334356539
38313335656637336232353636313762363335313865386264323065646439346130646636656433
39333863373661343264343635326363346630613337343936653832376665633835613963373231
32313462323161343064363531646336396234656565613166313439636234396464616265613966
32656138343162316236373761363730326536393961376264356263346561633334366364323233
37626532653535656464663866366639633766666234613930336337303139363635613163653562
32323066623633666261643137326530373839666130613737613332373233333861356332373232
39366331623439383663313431663861313237616430326366636361356530613161653766386232
36323634643762363261623735396164613062346265636637396363613734353036623937313166
38626433393564616336356337316536663439366132306635383935393134396533326130623764
62316535373962333065636161666534326139663430636166633631353931653065373633333030
62393235356434383034336335633030383162393037636463353338643065313137626439663665
63356435306539346536656537376139386234316334303161303735656162303235356239626634
65303833373265616630656439356132393265653066363430326137633830623534643337383061
38376661653934393937363831333465623137333265383766333562316630336136636632306237
37366433616134643631633066356266646332613865333964303638316335356534326161616661
63653565386436336637383939626231333831623466383363636439343632343161353066333363
63303339343435333965646132623935643466386339343133393366623966653564313537646236
38633832353638356565376636343033656536306662363430663035633137623962643136356666
64366664303436666263633332633663616363383662333635383064383163393031303336613466
66363165386365623763626562356530303464393664323164636137366466636137363534653038
66646231643331376535633336353661616137336433373536376435343131386638383266353835
61323632366365383733326239393037356534336664636331653439346135316333373363343034
65623836653361656632373630343039373336653532346436646266383438636336373830366466
64333832383261633864623965383065313163393430373462386137306331633666616631633430
34356633363765303264336262333266303662376239323835643063356136393263336433313835
36653763376539373937646134373337373861623864663638313334653762653132386464306462
35323262633664396134616136396130646339663737343037643834643863316539313137333231
30323338373066393032373766313061323362653862386230663335663634616433303132643735
32343438346365616263363634323239303862303435626632613466373932653562303235326663
63616161303064383261303930656335353362396230623739623332653766306235353037343132
32633732626433336137366664656262353164326263303065303465393133316232313932616235
62313030396364616165373335656337393533343162383939643030316333333538393433343536
33363066373039333138383663333065396264643264366661373631306638336432646338353531
33653631393738623632376330363063663962326162363762643164383831643764626632376261
38663463386437376135373031336565616637633239336466396637383738383137356166373834
32353732663831623436333930623039323661373162356636366164643862333165363734666335
64383039343865613365663536373664383435643964633735353335343831313865306237636431
33303437656238323839373730636636613366383137623964346162326463383330323161633831
66306563323963393664326139333835386262333731633464343563646335383463356538303066
33653534663635636363656638646165636634643634326566393533646538616130613634393062
38653065363139613232393531383866633261323732376562613437353461616538323638613232
63326365383731393263623330643832306165356132393434316637643333343936646664323731
33616331633139613835643963633532393631396639306434613835653165663237356163343639
62303839656534633038386539653731666633333634626263303439306237316635396330383430
37316466626530386130396234383464616532623136373063386530653839353534663265316537
37643735393539323435656635313738636461326636366234646264313739333231623662623631
35613163613338333834373163386665373165343864626630376637313638666666313536393461
61613961616264646361623761666137653231643764616565303234393636663462636263363062
61646639353965646462393061663636646366613864623330633534643236663762366431666539
37613534633766333834623532663034366432636631373833373966613161616164333066636164
35306330326564306264313762333965383730353937613163646664333461343065363964306261
39366462353636633566363035346335306235343261376139626430663633363134623935393433
30386166623062386566396562623365636132326665396634663235346365313730313365356630
38306135613364303730633139316434393962636165663838323364643933396637333465353036
33313364333862656161623836356431323666663331623636313633386632653037336261353739
30303335623261643637343932646438663061373262653430386463663264633864626539373835
34353731626133363962353862626239613937316537326662643432653332373339313036636666
66343137653034623366313631323165366334386134656662333861633837336137
